0.3 0 0.075 25
0.6 0 0.075 25 
0.3 0.3 0.075 25 
0.6 0.6 0.075 25 
0 0.3 0.075 25 
0 0.6 0.075 25 
-0.3 0.3 0.075 25 
-0.6 0.6 0.075 25 
-0.3 0 0.075 25 
-0.6 0 0.075 25 
-0.3 -0.3 0.075 25 
-0.6 -0.6 0.075 25 
0 -0.3 0.075 25 
0 -0.6 0.075 25 
0.3 -0.3 0.075 25 
0.6 -0.6 0.075 25 
0.3 0 0.075 25
0.6 0 0.075 25
0.3 0.3 0.075 25
0.6 0.6 0.075 25
0 0.3 0.075 25
0 0.6 0.075 25
-0.3 0.3 0.075 25
-0.6 0.6 0.075 25
-0.3 0 0.075 25
-0.6 0 0.075 25
-0.3 -0.3 0.075 25
-0.6 -0.6 0.075 25
0 -0.3 0.075 25
0 -0.6 0.075 25
0.3 -0.3 0.075 25
0.6 -0.6 0.075 25
0.3 0 0.075 25
0.6 0 0.075 25
0.3 0.3 0.075 25
0.6 0.6 0.075 25
0 0.3 0.075 25
0 0.6 0.075 25
-0.3 0.3 0.075 25
-0.6 0.6 0.075 25
-0.3 0 0.075 25
-0.6 0 0.075 25
-0.3 -0.3 0.075 25
-0.6 -0.6 0.075 25
0 -0.3 0.075 25
0 -0.6 0.075 25
0.3 -0.3 0.075 25
0.6 -0.6 0.075 25